0.3400000035762787
0.4166666865348816
0.4233333468437195
0.43666666746139526
0.44833335280418396
0.4583333432674408
0.4566666781902313
0.4699999988079071
0.47333335876464844
0.48500001430511475
0.503333330154419
0.5083333253860474
0.49166667461395264
0.503333330154419
0.49166667461395264
0.5016666650772095
0.5116666555404663
0.5016666650772095
0.5016666650772095
0.5116666555404663
0.5016666650772095
0.5083333253860474
0.5083333253860474
0.5083333253860474
0.5049999952316284
0.5049999952316284
0.503333330154419
0.503333330154419
0.5066666603088379
0.5149999856948853
0.5083333253860474
0.5149999856948853
0.5149999856948853
0.5250000357627869
0.5099999904632568
0.5116666555404663
0.5216667056083679
0.5166666507720947
0.5166666507720947
0.5233333706855774
0.5166666507720947
0.5233333706855774
0.5200000405311584
0.518333375453949
0.5149999856948853
0.5149999856948853
0.5216667056083679
0.5149999856948853
0.518333375453949
0.5099999904632568
