1.9619016647338867
1.6957054138183594
1.5531893968582153
1.4825568199157715
1.4383876323699951
1.4106203317642212
1.3849083185195923
1.3654929399490356
1.3428195714950562
1.3260031938552856
1.3104888200759888
1.295238733291626
1.2808917760849
1.269674301147461
1.2676172256469727
1.2609409093856812
1.2599843740463257
1.2609952688217163
1.2516841888427734
1.2572393417358398
1.2535009384155273
1.2509671449661255
1.250993251800537
1.2514245510101318
1.2576791048049927
1.2511744499206543
1.2563915252685547
1.2495986223220825
1.2571866512298584
1.2514723539352417
1.2553153038024902
1.2486064434051514
1.2519125938415527
1.2503293752670288
1.250146508216858
1.2524932622909546
1.251257061958313
1.2532830238342285
1.2542107105255127
1.2555218935012817
1.2555248737335205
1.2564014196395874
1.2535572052001953
1.2542105913162231
1.2569386959075928
1.258529543876648
1.2594616413116455
1.2600963115692139
1.267537236213684
1.2627873420715332
