0.42499998211860657
0.6049999594688416
0.6349999904632568
0.6549999713897705
0.6699999570846558
0.675000011920929
0.7149999737739563
0.7450000047683716
0.7699999809265137
0.7999999523162842
0.8149999976158142
0.824999988079071
0.8199999928474426
0.824999988079071
0.8349999785423279
0.8449999690055847
0.8499999642372131
0.8449999690055847
0.8499999642372131
0.8449999690055847
0.8499999642372131
0.8449999690055847
0.8499999642372131
0.8499999642372131
0.8449999690055847
0.8499999642372131
0.8349999785423279
0.8399999737739563
0.8549999594688416
0.8399999737739563
0.8499999642372131
0.8499999642372131
0.8399999737739563
0.8499999642372131
0.8449999690055847
0.8499999642372131
0.8449999690055847
0.8449999690055847
0.8449999690055847
0.8499999642372131
0.8399999737739563
0.8399999737739563
0.8549999594688416
0.8449999690055847
0.8449999690055847
0.8499999642372131
0.85999995470047
0.8399999737739563
0.8549999594688416
0.8549999594688416
