2.061896324157715
1.74125075340271
1.4462721347808838
1.2165488004684448
1.045555830001831
0.9013304710388184
0.7748355269432068
0.6708083152770996
0.5955226421356201
0.5412752032279968
0.5077146291732788
0.48237478733062744
0.4633244276046753
0.4517408013343811
0.43712183833122253
0.42590567469596863
0.4188189208507538
0.40955793857574463
0.4030478596687317
0.39728179574012756
0.3928930163383484
0.3855575621128082
0.38089361786842346
0.3759641647338867
0.37025734782218933
0.36637404561042786
0.3658088743686676
0.36306339502334595
0.36119014024734497
0.3582039773464203
0.3571666479110718
0.36048686504364014
0.35448387265205383
0.3561857342720032
0.35531872510910034
0.3559286594390869
0.35544121265411377
0.35629862546920776
0.35621750354766846
0.35211482644081116
0.35798370838165283
0.3541315793991089
0.35531899333000183
0.35580188035964966
0.3565307855606079
0.3549554944038391
0.3546038568019867
0.3573042154312134
0.3523310720920563
0.355958491563797
