0.47333335876464844
0.5533333420753479
0.59333336353302
0.6366666555404663
0.643333375453949
0.6733333468437195
0.6866666674613953
0.6899999976158142
0.7066667079925537
0.7066667079925537
0.7266666889190674
0.7400000095367432
0.7433333396911621
0.7400000095367432
0.7433333396911621
0.7566666603088379
0.7566666603088379
0.753333330154419
0.7566666603088379
0.7599999904632568
0.7566666603088379
0.7566666603088379
0.75
0.753333330154419
0.753333330154419
0.7633333802223206
0.75
0.7566666603088379
0.753333330154419
0.75
0.753333330154419
0.746666669845581
0.75
0.7366666793823242
0.753333330154419
0.753333330154419
0.7666667103767395
0.746666669845581
0.7633333802223206
0.7433333396911621
0.7566666603088379
0.7566666603088379
0.7666667103767395
0.753333330154419
0.7700000405311584
0.7666667103767395
0.7566666603088379
0.7666667103767395
0.7566666603088379
0.7633333802223206
