1.847970962524414
1.4302343130111694
1.1736953258514404
1.0245229005813599
0.9296972751617432
0.8688428997993469
0.8216918706893921
0.7863954305648804
0.7566883563995361
0.7337729334831238
0.7138247489929199
0.6985338926315308
0.6840315461158752
0.6720657348632812
0.660532534122467
0.6505815982818604
0.6408666372299194
0.6339080929756165
0.6271277070045471
0.6185696721076965
0.615988552570343
0.6073223352432251
0.6050852537155151
0.6035043001174927
0.5975645184516907
0.5914992690086365
0.5874922871589661
0.5868183374404907
0.5850797295570374
0.5824947357177734
0.5817251205444336
0.5805248022079468
0.5779275298118591
0.5765442848205566
0.57725989818573
0.5765427350997925
0.5752772092819214
0.5735824108123779
0.57179194688797
0.5726397633552551
0.5717196464538574
0.5713346600532532
0.5692616701126099
0.5725154280662537
0.5670796036720276
0.5690333843231201
0.5709320902824402
0.5686373114585876
0.5689717531204224
0.5697346329689026
