0.20333333313465118
0.2316666692495346
0.2516666650772095
0.2683333456516266
0.2783333361148834
0.2783333361148834
0.3033333420753479
0.28999999165534973
0.3083333373069763
0.3316666781902313
0.3499999940395355
0.3449999988079071
0.3449999988079071
0.35333332419395447
0.3583333194255829
0.35499998927116394
0.34833332896232605
0.3633333444595337
0.3633333444595337
0.37833333015441895
0.3700000047683716
0.37166666984558105
0.375
0.37833333015441895
0.3799999952316284
0.37833333015441895
0.38999998569488525
0.3816666603088379
0.38999998569488525
0.39500001072883606
0.3816666603088379
0.38999998569488525
0.3883333206176758
0.3933333456516266
0.398333340883255
0.4116666615009308
0.4000000059604645
0.39666667580604553
0.39666667580604553
0.39666667580604553
0.39666667580604553
0.4116666615009308
0.40166667103767395
0.4099999964237213
0.4000000059604645
0.4099999964237213
0.39500001072883606
0.40833333134651184
0.39500001072883606
0.4266666769981384
