1.7887152433395386
1.7830654382705688
1.7703059911727905
1.7504781484603882
1.7240543365478516
1.7001129388809204
1.6725462675094604
1.6598995923995972
1.6408900022506714
1.628868818283081
1.617188572883606
1.5982627868652344
1.5963451862335205
1.5784472227096558
1.5676639080047607
1.5595868825912476
1.56427001953125
1.546316385269165
1.542693853378296
1.530145287513733
1.5239787101745605
1.5297108888626099
1.5163012742996216
1.509625792503357
1.5011279582977295
1.4970242977142334
1.4920200109481812
1.494240164756775
1.485405445098877
1.479915976524353
1.4840195178985596
1.4773824214935303
1.4731347560882568
1.4751644134521484
1.4637969732284546
1.4629307985305786
1.4569591283798218
1.455611228942871
1.4739949703216553
1.4560766220092773
1.4555373191833496
1.455091953277588
1.4451605081558228
1.4423272609710693
1.4462991952896118
1.436259388923645
1.4425244331359863
1.4424721002578735
1.4402989149093628
1.431067943572998
