0.44999998807907104
0.44333332777023315
0.4466666579246521
0.47999998927116394
0.47333332896232605
0.5199999809265137
0.5099999904632568
0.5266666412353516
0.5166666507720947
0.5333333611488342
0.5400000214576721
0.5633333325386047
0.54666668176651
0.5833333134651184
0.5533333420753479
0.5733333230018616
0.5633333325386047
0.5433333516120911
0.5666666626930237
0.5633333325386047
0.5866666436195374
0.5733333230018616
0.5799999833106995
0.5766666531562805
0.5733333230018616
0.5899999737739563
0.5666666626930237
0.5766666531562805
0.5799999833106995
0.596666693687439
0.5766666531562805
0.5699999928474426
0.6066666841506958
0.5866666436195374
0.5933333039283752
0.5933333039283752
0.5899999737739563
0.5899999737739563
0.5899999737739563
0.6000000238418579
0.6100000143051147
0.6233333349227905
0.6399999856948853
0.6100000143051147
0.6333333253860474
0.6266666650772095
0.6266666650772095
0.6133333444595337
0.6399999856948853
0.6499999761581421
