1.0927646160125732
1.0848389863967896
1.0747023820877075
1.0633999109268188
1.0497872829437256
1.0360589027404785
1.0210586786270142
1.0074470043182373
0.9945461750030518
0.9833146333694458
0.9746103882789612
0.9668577909469604
0.9595674872398376
0.9531343579292297
0.9478819966316223
0.9377734661102295
0.9373246431350708
0.93017578125
0.917780339717865
0.914903461933136
0.9079529047012329
0.9060067534446716
0.899015486240387
0.8921574950218201
0.8927278518676758
0.8814013600349426
0.8809695243835449
0.8836637139320374
0.8702669143676758
0.8696185350418091
0.8658972382545471
0.8636499047279358
0.8600139617919922
0.8562009930610657
0.8516184091567993
0.8504184484481812
0.8474493622779846
0.8579389452934265
0.8449212312698364
0.8387044668197632
0.8372607827186584
0.8440915942192078
0.8316169381141663
0.8507124781608582
0.8322100043296814
0.8271826505661011
0.826853334903717
0.8312938213348389
0.8184011578559875
0.8213063478469849
