0.2900000214576721
0.40800002217292786
0.4360000193119049
0.4740000367164612
0.49000000953674316
0.48000001907348633
0.5
0.5060000419616699
0.5120000243186951
0.5200000405311584
0.5180000066757202
0.5240000486373901
0.5300000309944153
0.5440000295639038
0.5380000472068787
0.550000011920929
0.5480000376701355
0.5540000200271606
0.5560000538825989
0.5540000200271606
0.562000036239624
0.562000036239624
0.5580000281333923
0.562000036239624
0.5720000267028809
0.5660000443458557
0.562000036239624
0.5540000200271606
0.562000036239624
0.5560000538825989
0.5660000443458557
0.5560000538825989
0.5600000023841858
0.5600000023841858
0.5740000009536743
0.5640000104904175
0.578000009059906
0.5700000524520874
0.5700000524520874
0.5540000200271606
0.5700000524520874
0.5540000200271606
0.5600000023841858
0.5580000281333923
0.5580000281333923
0.562000036239624
0.5560000538825989
0.5560000538825989
0.5600000023841858
0.5520000457763672
