1.921697974205017
1.6524922847747803
1.4605119228363037
1.3669685125350952
1.3137109279632568
1.2813966274261475
1.2551062107086182
1.2401059865951538
1.223484992980957
1.2043930292129517
1.1932278871536255
1.1908022165298462
1.1762834787368774
1.1727622747421265
1.1763837337493896
1.1695855855941772
1.163659691810608
1.1591764688491821
1.1591664552688599
1.1511849164962769
1.1531158685684204
1.1500508785247803
1.1475892066955566
1.1410237550735474
1.1464550495147705
1.1353806257247925
1.1451064348220825
1.1392701864242554
1.1525261402130127
1.1370660066604614
1.1382849216461182
1.1422038078308105
1.1417896747589111
1.1399116516113281
1.1367347240447998
1.1329182386398315
1.1389944553375244
1.137845754623413
1.139303207397461
1.1443617343902588
1.1427245140075684
1.143661618232727
1.149006962776184
1.1391956806182861
1.1525799036026
1.1459757089614868
1.1574723720550537
1.156031608581543
1.1609967947006226
1.1604470014572144
