0.32249999046325684
0.35374999046325684
0.39499998092651367
0.4087499976158142
0.40625
0.4112499952316284
0.4325000047683716
0.42499998211860657
0.4412499964237213
0.45124998688697815
0.44999998807907104
0.45624998211860657
0.461249977350235
0.4724999964237213
0.48499998450279236
0.4912499785423279
0.47999998927116394
0.4762499928474426
0.48249998688697815
0.4762499928474426
0.48249998688697815
0.48624998331069946
0.48374998569488525
0.48749998211860657
0.4899999797344208
0.47874999046325684
0.4937499761581421
0.492499977350235
0.5024999976158142
0.4937499761581421
0.48499998450279236
0.4949999749660492
0.4975000023841858
0.5062499642372131
0.4937499761581421
0.492499977350235
0.5012499690055847
0.48624998331069946
0.5087499618530273
0.48374998569488525
0.5
0.48874998092651367
0.4899999797344208
0.48874998092651367
0.4937499761581421
0.4899999797344208
0.4949999749660492
0.492499977350235
0.48874998092651367
0.4937499761581421
