1.970360517501831
1.8030048608779907
1.710485577583313
1.650092601776123
1.6089646816253662
1.5814425945281982
1.5541927814483643
1.540492296218872
1.5215373039245605
1.5039620399475098
1.4950485229492188
1.4829128980636597
1.4755995273590088
1.467806339263916
1.4638612270355225
1.4538670778274536
1.4512760639190674
1.4503365755081177
1.4448561668395996
1.444156527519226
1.4407641887664795
1.4388682842254639
1.4435023069381714
1.438103437423706
1.4417779445648193
1.4483847618103027
1.438071846961975
1.4428048133850098
1.4361872673034668
1.4442262649536133
1.438071846961975
1.43941068649292
1.4400361776351929
1.4419121742248535
1.4393383264541626
1.4459550380706787
1.4451255798339844
1.4428335428237915
1.4450323581695557
1.458060622215271
1.4528712034225464
1.4518213272094727
1.4488731622695923
1.4536317586898804
1.4538512229919434
1.4514034986495972
1.447731614112854
1.4580507278442383
1.458949089050293
1.4595386981964111
