0.47333335876464844
0.6033333539962769
0.6299999952316284
0.6399999856948853
0.6633333563804626
0.6833333373069763
0.6833333373069763
0.699999988079071
0.699999988079071
0.7133333683013916
0.7266666889190674
0.7233333587646484
0.7366666793823242
0.7366666793823242
0.7433333396911621
0.7566666603088379
0.7666667103767395
0.753333330154419
0.7700000405311584
0.7700000405311584
0.7566666603088379
0.75
0.7766667008399963
0.7633333802223206
0.7733333706855774
0.7633333802223206
0.7599999904632568
0.7599999904632568
0.753333330154419
0.7766667008399963
0.7700000405311584
0.75
0.7633333802223206
0.7666667103767395
0.753333330154419
0.7566666603088379
0.7633333802223206
0.7700000405311584
0.7633333802223206
0.753333330154419
0.753333330154419
0.7566666603088379
0.7700000405311584
0.7400000095367432
0.7599999904632568
0.7633333802223206
0.7599999904632568
0.7599999904632568
0.7700000405311584
0.7400000095367432
