1.9047060012817383
1.5026144981384277
1.1896648406982422
0.996917724609375
0.89407879114151
0.8317503929138184
0.7877511382102966
0.7575777769088745
0.7323468327522278
0.7088451385498047
0.6879242062568665
0.6755958795547485
0.658384382724762
0.6502358913421631
0.6421833634376526
0.6335809826850891
0.6291425824165344
0.6223627328872681
0.6142578125
0.6157134771347046
0.6119983196258545
0.6102495789527893
0.5990080833435059
0.601864218711853
0.5923450589179993
0.5960127115249634
0.5935654044151306
0.5958638787269592
0.5955183506011963
0.5882666707038879
0.5990443229675293
0.600451648235321
0.5952003002166748
0.5990024209022522
0.5998721718788147
0.6059375405311584
0.6048644781112671
0.606473445892334
0.6086047887802124
0.6167336702346802
0.6108522415161133
0.6209042072296143
0.6154283881187439
0.6405194997787476
0.6288320422172546
0.6259278655052185
0.6293148994445801
0.6424255967140198
0.6275662183761597
0.638486385345459
