0.12099999934434891
0.14499999582767487
0.1860000044107437
0.21400000154972076
0.23199999332427979
0.22100000083446503
0.22300000488758087
0.257999986410141
0.2540000081062317
0.25600001215934753
0.257999986410141
0.26600000262260437
0.2709999978542328
0.28700000047683716
0.2879999876022339
0.28999999165534973
0.2939999997615814
0.296999990940094
0.2980000078678131
0.30000001192092896
0.29499998688697815
0.3059999942779541
0.3050000071525574
0.3160000145435333
0.289000004529953
0.3070000112056732
0.30300000309944153
0.31700000166893005
0.3199999928474426
0.3240000009536743
0.3160000145435333
0.3310000002384186
0.3310000002384186
0.328000009059906
0.32600000500679016
0.3319999873638153
0.32600000500679016
0.3319999873638153
0.33799999952316284
0.3400000035762787
0.3310000002384186
0.335999995470047
0.3319999873638153
0.34299999475479126
0.3479999899864197
0.335999995470047
0.3529999852180481
0.35100001096725464
0.3490000069141388
0.3479999899864197
