2.298649549484253
2.286263942718506
2.25341534614563
2.1952500343322754
2.1383538246154785
2.1082451343536377
2.0838711261749268
2.0656418800354004
2.0517542362213135
2.0416948795318604
2.0320138931274414
2.0241475105285645
2.008084297180176
2.0004749298095703
1.9935801029205322
1.9826128482818604
1.9700168371200562
1.9622840881347656
1.9521543979644775
1.9457128047943115
1.9379148483276367
1.9266040325164795
1.9211119413375854
1.908324956893921
1.9080321788787842
1.8956209421157837
1.8870115280151367
1.8827922344207764
1.871154546737671
1.8608708381652832
1.8624354600906372
1.8566325902938843
1.8430217504501343
1.8418993949890137
1.8297984600067139
1.8285460472106934
1.822782278060913
1.8126776218414307
1.8097645044326782
1.8069531917572021
1.8102303743362427
1.7956186532974243
1.7920855283737183
1.7950005531311035
1.7937822341918945
1.7808735370635986
1.7816855907440186
1.7693208456039429
1.7715227603912354
1.7648652791976929
