0.3824999928474426
0.48499998450279236
0.5374999642372131
0.5525000095367432
0.5525000095367432
0.5874999761581421
0.5974999666213989
0.6024999618530273
0.6100000143051147
0.6200000047683716
0.6299999952316284
0.6299999952316284
0.6349999904632568
0.6399999856948853
0.6449999809265137
0.6449999809265137
0.6524999737739563
0.6624999642372131
0.6699999570846558
0.6549999713897705
0.6699999570846558
0.6624999642372131
0.6524999737739563
0.6549999713897705
0.6574999690055847
0.6674999594688416
0.6599999666213989
0.6699999570846558
0.6725000143051147
0.6699999570846558
0.6624999642372131
0.6674999594688416
0.6674999594688416
0.675000011920929
0.675000011920929
0.6775000095367432
0.6725000143051147
0.6800000071525574
0.6800000071525574
0.6800000071525574
0.6949999928474426
0.6850000023841858
0.6850000023841858
0.6800000071525574
0.6800000071525574
0.6825000047683716
0.6850000023841858
0.6899999976158142
0.6875
0.6725000143051147
