1.8522729873657227
1.542525053024292
1.2959309816360474
1.1557341814041138
1.0856417417526245
1.0372443199157715
1.0045561790466309
0.977820873260498
0.9542179107666016
0.9403293132781982
0.9282679557800293
0.9150417447090149
0.9062793254852295
0.8979829549789429
0.8907830119132996
0.888375461101532
0.8830667734146118
0.878466784954071
0.8746317028999329
0.8726343512535095
0.8669114708900452
0.8682233691215515
0.8659501075744629
0.8644015789031982
0.8639135956764221
0.8585634827613831
0.8582906126976013
0.859595537185669
0.8611927628517151
0.8551124334335327
0.8575679659843445
0.8593131303787231
0.8581135272979736
0.8550801873207092
0.8514801859855652
0.8555993437767029
0.8527789115905762
0.8550506830215454
0.8531491160392761
0.8557683825492859
0.8528222441673279
0.8554722666740417
0.8559929728507996
0.8567826151847839
0.8590422868728638
0.8594135046005249
0.8603245615959167
0.8590741753578186
0.8654953837394714
0.862826943397522
