0.25699999928474426
0.32200002670288086
0.34700000286102295
0.3660000264644623
0.3850000202655792
0.39000001549720764
0.40300002694129944
0.4010000228881836
0.4130000174045563
0.39400002360343933
0.4000000059604645
0.39900001883506775
0.40300002694129944
0.40300002694129944
0.41200003027915955
0.4090000092983246
0.40800002217292786
0.4050000309944153
0.4220000207424164
0.4180000126361847
0.4140000343322754
0.4320000112056732
0.42900002002716064
0.4190000295639038
0.41600000858306885
0.4220000207424164
0.4270000159740448
0.42500001192092896
0.4180000126361847
0.4090000092983246
0.4230000078678131
0.41600000858306885
0.4230000078678131
0.4150000214576721
0.41700002551078796
0.4190000295639038
0.4220000207424164
0.41700002551078796
0.4140000343322754
0.4190000295639038
0.41200003027915955
0.4300000071525574
0.4230000078678131
0.41200003027915955
0.4140000343322754
0.41600000858306885
0.4220000207424164
0.41600000858306885
0.4140000343322754
0.4240000247955322
