2.050980806350708
1.9136040210723877
1.8360226154327393
1.784023404121399
1.748193383216858
1.7246572971343994
1.709620714187622
1.6970324516296387
1.6831634044647217
1.6776845455169678
1.670418381690979
1.6677674055099487
1.6673169136047363
1.6624040603637695
1.661502718925476
1.6587014198303223
1.655457854270935
1.6581413745880127
1.6517977714538574
1.6518094539642334
1.655439019203186
1.6545883417129517
1.6506359577178955
1.6533722877502441
1.6573976278305054
1.6535077095031738
1.6510624885559082
1.649219274520874
1.651066541671753
1.6620714664459229
1.6561083793640137
1.6558325290679932
1.6566863059997559
1.6571910381317139
1.6613613367080688
1.6591888666152954
1.6630723476409912
1.666609764099121
1.6628360748291016
1.6660466194152832
1.6724821329116821
1.6723235845565796
1.6761629581451416
1.6887110471725464
1.675241231918335
1.686471700668335
1.6847361326217651
1.6844300031661987
1.683385968208313
1.6817355155944824
