0.14714285731315613
0.20428571105003357
0.2328571379184723
0.23428571224212646
0.23714286088943481
0.25999999046325684
0.2571428716182709
0.2628571391105652
0.2914285659790039
0.30142858624458313
0.31857141852378845
0.30571427941322327
0.334285706281662
0.345714271068573
0.3400000035762787
0.3514285683631897
0.34285715222358704
0.33714285492897034
0.36000001430511475
0.3442857265472412
0.3499999940395355
0.3514285683631897
0.3557142913341522
0.35857143998146057
0.37714284658432007
0.35857143998146057
0.36571428179740906
0.37142857909202576
0.3742857277393341
0.36714285612106323
0.37714284658432007
0.37285715341567993
0.3700000047683716
0.3814285695552826
0.3757142722606659
0.38857144117355347
0.3742857277393341
0.37857142090797424
0.37285715341567993
0.38285714387893677
0.3871428668498993
0.37142857909202576
0.3942857086658478
0.38999998569488525
0.4028571546077728
0.38999998569488525
0.40714284777641296
0.38428571820259094
0.37714284658432007
0.39142856001853943
