1.9422863721847534
1.931779384613037
1.9140136241912842
1.8875006437301636
1.8579639196395874
1.8264578580856323
1.7989990711212158
1.7827688455581665
1.7600146532058716
1.7441918849945068
1.7297509908676147
1.723435640335083
1.7143927812576294
1.6984686851501465
1.6907362937927246
1.6895382404327393
1.6783028841018677
1.6826956272125244
1.668100357055664
1.66335129737854
1.6680667400360107
1.654744029045105
1.6584153175354004
1.6410514116287231
1.6404463052749634
1.630854845046997
1.6337250471115112
1.6259713172912598
1.6192492246627808
1.610411524772644
1.6093826293945312
1.6057859659194946
1.5990245342254639
1.5997231006622314
1.5915335416793823
1.5886369943618774
1.582718014717102
1.575340747833252
1.5724107027053833
1.5668466091156006
1.5611931085586548
1.5577176809310913
1.5479341745376587
1.5545070171356201
1.550028920173645
1.5347493886947632
1.5323305130004883
1.5341894626617432
1.5489521026611328
1.518777847290039
