0.17749999463558197
0.2224999964237213
0.23624999821186066
0.2537499964237213
0.26249998807907104
0.2750000059604645
0.2762500047683716
0.29124999046325684
0.2849999964237213
0.30250000953674316
0.3100000023841858
0.3174999952316284
0.3362500071525574
0.3087500035762787
0.3387500047683716
0.3362500071525574
0.3400000035762787
0.3362500071525574
0.3487499952316284
0.3412500023841858
0.3425000011920929
0.35374999046325684
0.35499998927116394
0.36250001192092896
0.36375001072883606
0.36125001311302185
0.35624998807907104
0.3499999940395355
0.35499998927116394
0.3762499988079071
0.3787499964237213
0.3700000047683716
0.3799999952316284
0.3687500059604645
0.3700000047683716
0.3687500059604645
0.3725000023841858
0.3812499940395355
0.38874998688697815
0.38874998688697815
0.39375001192092896
0.39625000953674316
0.4025000035762787
0.4012500047683716
0.38749998807907104
0.3812499940395355
0.39375001192092896
0.3824999928474426
0.38874998688697815
0.39500001072883606
