2.072819709777832
2.0581352710723877
2.0339722633361816
1.999302625656128
1.9590387344360352
1.928279161453247
1.912150263786316
1.8946293592453003
1.8788033723831177
1.8691264390945435
1.860740303993225
1.84840726852417
1.832546591758728
1.8311858177185059
1.8203643560409546
1.8111294507980347
1.8099817037582397
1.8075346946716309
1.7920756340026855
1.792588710784912
1.800195574760437
1.7771916389465332
1.7704898118972778
1.7654587030410767
1.7610535621643066
1.754624605178833
1.7574899196624756
1.7593066692352295
1.7429602146148682
1.7379024028778076
1.7340158224105835
1.7347849607467651
1.721584677696228
1.7168731689453125
1.7221457958221436
1.707741379737854
1.7154359817504883
1.7055667638778687
1.6942529678344727
1.6893455982208252
1.6885625123977661
1.6820579767227173
1.6743301153182983
1.672768235206604
1.6672977209091187
1.6670948266983032
1.6646586656570435
1.6650270223617554
1.6592026948928833
1.6551305055618286
