0.5899999737739563
0.6449999809265137
0.7049999833106995
0.6800000071525574
0.6800000071525574
0.7450000047683716
0.7149999737739563
0.7200000286102295
0.7250000238418579
0.7400000095367432
0.7300000190734863
0.7450000047683716
0.7300000190734863
0.7649999856948853
0.7450000047683716
0.7400000095367432
0.7549999952316284
0.75
0.7450000047683716
0.75
0.7400000095367432
0.7549999952316284
0.7450000047683716
0.75
0.7549999952316284
0.7400000095367432
0.7549999952316284
0.7350000143051147
0.75
0.7599999904632568
0.7599999904632568
0.7450000047683716
0.7749999761581421
0.7549999952316284
0.7699999809265137
0.7699999809265137
0.7599999904632568
0.75
0.7699999809265137
0.7649999856948853
0.7649999856948853
0.7699999809265137
0.7699999809265137
0.7699999809265137
0.7649999856948853
0.7649999856948853
0.7649999856948853
0.7599999904632568
0.7649999856948853
0.7649999856948853
