0.686582624912262
0.68100905418396
0.6746872067451477
0.6670796871185303
0.6582211256027222
0.6472758650779724
0.6340155601501465
0.6191942691802979
0.6041466593742371
0.589627206325531
0.5774121284484863
0.5669634342193604
0.5587087869644165
0.5502325296401978
0.5442373156547546
0.5407860279083252
0.5373306274414062
0.5316307544708252
0.5285542607307434
0.5246774554252625
0.5204344391822815
0.5213000774383545
0.5157455205917358
0.5132097005844116
0.5149247646331787
0.5072386264801025
0.5085678696632385
0.5046941041946411
0.5029132962226868
0.5025399923324585
0.4989480674266815
0.5068709850311279
0.5017759203910828
0.4911011755466461
0.48905372619628906
0.4925898611545563
0.49221327900886536
0.48546072840690613
0.48690056800842285
0.48792564868927
0.49579718708992004
0.4810832142829895
0.4823707342147827
0.4919651746749878
0.4837671220302582
0.48254403471946716
0.47709378600120544
0.4782142639160156
0.4893799126148224
0.47932732105255127
