0.15555556118488312
0.17444443702697754
0.19333332777023315
0.20777778327465057
0.23000000417232513
0.2222222238779068
0.2633333206176758
0.2588889002799988
0.27888888120651245
0.28555554151535034
0.28777778148651123
0.3077777922153473
0.3166666626930237
0.31333333253860474
0.30222222208976746
0.324444442987442
0.3233333230018616
0.324444442987442
0.3355555534362793
0.33222222328186035
0.31888890266418457
0.3222222328186035
0.32777777314186096
0.33444443345069885
0.3333333432674408
0.33222222328186035
0.32111111283302307
0.34333333373069763
0.33444443345069885
0.33888888359069824
0.3422222137451172
0.3400000035762787
0.3444444537162781
0.3377777636051178
0.34555554389953613
0.36000001430511475
0.34555554389953613
0.3566666543483734
0.3611111044883728
0.3566666543483734
0.36666667461395264
0.3588888943195343
0.35777777433395386
0.3488888740539551
0.36444443464279175
0.36222222447395325
0.3588888943195343
0.3488888740539551
0.35555556416511536
0.3733333349227905
