2.1892919540405273
2.168321132659912
2.1226162910461426
2.0710155963897705
2.0309159755706787
2.0087246894836426
1.977381706237793
1.962934970855713
1.9469130039215088
1.931156039237976
1.9166439771652222
1.9071205854415894
1.894988775253296
1.8793565034866333
1.8811990022659302
1.8624610900878906
1.8516135215759277
1.8431750535964966
1.8356035947799683
1.8323720693588257
1.8218445777893066
1.816598892211914
1.8142473697662354
1.8074642419815063
1.79928457736969
1.7934738397598267
1.792999505996704
1.7803542613983154
1.7807979583740234
1.7709208726882935
1.7638959884643555
1.7612488269805908
1.7552868127822876
1.752784252166748
1.750471830368042
1.7414096593856812
1.7475985288619995
1.7336777448654175
1.7320388555526733
1.7252421379089355
1.725346326828003
1.716054916381836
1.7110313177108765
1.7190403938293457
1.7076241970062256
1.704489827156067
1.7019050121307373
1.701966404914856
1.695554494857788
1.688438892364502
