0.34285715222358704
0.3799999952316284
0.3871428668498993
0.38999998569488525
0.40714284777641296
0.4114285707473755
0.4214285612106323
0.4399999976158142
0.4457142949104309
0.4457142949104309
0.45428571105003357
0.46142855286598206
0.4657142758369446
0.46857142448425293
0.46285712718963623
0.4771428406238556
0.4757142663002014
0.4828571379184723
0.46857142448425293
0.47999998927116394
0.47999998927116394
0.48428571224212646
0.4828571379184723
0.47857141494750977
0.4771428406238556
0.4814285635948181
0.4828571379184723
0.47999998927116394
0.47999998927116394
0.4828571379184723
0.4757142663002014
0.4814285635948181
0.4871428608894348
0.48428571224212646
0.4757142663002014
0.488571435213089
0.48428571224212646
0.49000000953674316
0.488571435213089
0.49000000953674316
0.4871428608894348
0.47999998927116394
0.48571428656578064
0.48428571224212646
0.4814285635948181
0.47857141494750977
0.47857141494750977
0.4828571379184723
0.48571428656578064
0.49142855405807495
