1.9614070653915405
1.7579673528671265
1.6668394804000854
1.6082009077072144
1.5636694431304932
1.5315932035446167
1.5058566331863403
1.4838839769363403
1.4676281213760376
1.4548784494400024
1.4434494972229004
1.4340367317199707
1.4258378744125366
1.4227263927459717
1.4168140888214111
1.4206608533859253
1.4109582901000977
1.4083430767059326
1.411095142364502
1.4061027765274048
1.4052667617797852
1.4012513160705566
1.401302695274353
1.4029428958892822
1.3987584114074707
1.4064826965332031
1.4006098508834839
1.4080479145050049
1.4032620191574097
1.4081199169158936
1.4092037677764893
1.4159715175628662
1.4110417366027832
1.4133113622665405
1.4143315553665161
1.4226572513580322
1.4143967628479004
1.41781485080719
1.416947841644287
1.4196239709854126
1.4261044263839722
1.421351432800293
1.4268267154693604
1.4326186180114746
1.433651328086853
1.4384840726852417
1.4284833669662476
1.4406592845916748
1.4382059574127197
1.4435960054397583
