0.24250000715255737
0.32249999046325684
0.2800000011920929
0.39750000834465027
0.4124999940395355
0.4300000071525574
0.42500001192092896
0.4375
0.42750000953674316
0.45750001072883606
0.4724999964237213
0.4749999940395355
0.42750000953674316
0.4925000071525574
0.5
0.5174999833106995
0.512499988079071
0.5024999976158142
0.5074999928474426
0.5199999809265137
0.5249999761581421
0.5425000190734863
0.5
0.5249999761581421
0.5274999737739563
0.5450000166893005
0.5299999713897705
0.5425000190734863
0.5699999928474426
0.5674999952316284
0.5450000166893005
0.5575000047683716
0.574999988079071
0.5625
0.5774999856948853
0.5824999809265137
0.5874999761581421
0.5799999833106995
0.574999988079071
0.5699999928474426
0.5674999952316284
0.5975000262260437
0.5950000286102295
0.5975000262260437
0.5774999856948853
0.5824999809265137
0.5950000286102295
0.6100000143051147
0.5899999737739563
0.5950000286102295
