1.384070634841919
1.378966212272644
1.3748418092727661
1.3685168027877808
1.3600454330444336
1.3472026586532593
1.3300259113311768
1.3073992729187012
1.2843669652938843
1.2631524801254272
1.2473071813583374
1.2337989807128906
1.2432762384414673
1.2130850553512573
1.1993191242218018
1.1886281967163086
1.179398536682129
1.169766902923584
1.1605892181396484
1.1504493951797485
1.1430352926254272
1.1341274976730347
1.1333754062652588
1.1289197206497192
1.1162512302398682
1.103094220161438
1.0969736576080322
1.0981476306915283
1.0822526216506958
1.0774431228637695
1.0758280754089355
1.0679206848144531
1.0615036487579346
1.0665796995162964
1.0501701831817627
1.0507490634918213
1.0438735485076904
1.039608120918274
1.035264015197754
1.035380244255066
1.026767611503601
1.021296501159668
1.0197210311889648
1.0157512426376343
1.0149672031402588
1.0179498195648193
1.0053993463516235
1.004160761833191
1.0031158924102783
0.998981773853302
