0.2755555510520935
0.32777777314186096
0.36666667461395264
0.3755555748939514
0.4011111259460449
0.4122222363948822
0.39888888597488403
0.4244444668292999
0.4233333468437195
0.4188888967037201
0.425555557012558
0.4355555772781372
0.4333333373069763
0.43888890743255615
0.4311111271381378
0.4355555772781372
0.4300000071525574
0.43444445729255676
0.44111111760139465
0.44111111760139465
0.44111111760139465
0.4377777874469757
0.4466666877269745
0.44777777791023254
0.45000001788139343
0.46000000834465027
0.4444444477558136
0.4588888883590698
0.4588888883590698
0.4633333384990692
0.46666666865348816
0.4699999988079071
0.46222221851348877
0.46222221851348877
0.46888890862464905
0.4699999988079071
0.46888890862464905
0.46888890862464905
0.47777777910232544
0.47111111879348755
0.4766666889190674
0.48777779936790466
0.4633333384990692
0.48000001907348633
0.4744444489479065
0.4788888990879059
0.48222222924232483
0.4811111092567444
0.472222238779068
0.4833333492279053
