2.019050359725952
1.8672319650650024
1.784539818763733
1.727466344833374
1.6769280433654785
1.6394968032836914
1.6145074367523193
1.589597463607788
1.5717568397521973
1.5633479356765747
1.5447266101837158
1.5424798727035522
1.5341882705688477
1.5303272008895874
1.526355266571045
1.5208009481430054
1.5148279666900635
1.5135658979415894
1.5132132768630981
1.5085346698760986
1.5069141387939453
1.5037978887557983
1.5035206079483032
1.502760648727417
1.500974416732788
1.4969522953033447
1.5051934719085693
1.500461459159851
1.505068063735962
1.5030299425125122
1.5033140182495117
1.5045257806777954
1.5053651332855225
1.5106109380722046
1.50727379322052
1.5113651752471924
1.511986255645752
1.5114707946777344
1.5103771686553955
1.5142219066619873
1.5175657272338867
1.5140420198440552
1.521643877029419
1.5180213451385498
1.5218580961227417
1.522376298904419
1.5214695930480957
1.5203317403793335
1.5299534797668457
1.5306792259216309
