0.27000001072883606
0.33399999141693115
0.33000001311302185
0.3440000116825104
0.33399999141693115
0.3700000047683716
0.36800000071525574
0.36000001430511475
0.38600000739097595
0.36399999260902405
0.3720000088214874
0.3840000033378601
0.3779999911785126
0.3779999911785126
0.3880000114440918
0.4000000059604645
0.4300000071525574
0.41999998688697815
0.4180000126361847
0.41999998688697815
0.4359999895095825
0.41999998688697815
0.41999998688697815
0.42399999499320984
0.43799999356269836
0.4339999854564667
0.4519999921321869
0.44200000166893005
0.4359999895095825
0.46399998664855957
0.4359999895095825
0.4580000042915344
0.4620000123977661
0.4480000138282776
0.44200000166893005
0.4440000057220459
0.4519999921321869
0.4399999976158142
0.4560000002384186
0.46399998664855957
0.45399999618530273
0.4740000069141388
0.45399999618530273
0.45399999618530273
0.4480000138282776
0.4740000069141388
0.44999998807907104
0.4580000042915344
0.46399998664855957
0.4740000069141388
