1.5968537330627441
1.5826830863952637
1.5647892951965332
1.5444025993347168
1.5195599794387817
1.5001420974731445
1.4845311641693115
1.4666045904159546
1.457512378692627
1.4585695266723633
1.4408771991729736
1.4306081533432007
1.4228471517562866
1.4158697128295898
1.4093953371047974
1.401657223701477
1.3975690603256226
1.3940767049789429
1.379981279373169
1.3771443367004395
1.3725680112838745
1.3601845502853394
1.3570739030838013
1.3594377040863037
1.3501335382461548
1.347236156463623
1.3376091718673706
1.3375786542892456
1.3336224555969238
1.326675295829773
1.3211307525634766
1.3173058032989502
1.3139233589172363
1.3159887790679932
1.3106541633605957
1.3038147687911987
1.305371880531311
1.2965724468231201
1.2926608324050903
1.2887369394302368
1.2876826524734497
1.2809991836547852
1.2891839742660522
1.2767690420150757
1.2787021398544312
1.274064302444458
1.265567421913147
1.2629176378250122
1.2609130144119263
1.2523036003112793
